  psi: '210100000110000000000000000000000000000013210100000110000000000000000000000000000013210100000110000000000000000000000000000014',
  count: 126,
  micros: [ 518, 944, 2710, 83686, 101502 ],
  counts: 
   [ [ 105, 54, 51 ],
     [ 15, 6, 9 ],
Data:
     [ 3, 3, 0 ],
     [ 2, 0, 2 ],
     [ 1, 0, 1 ] ],

40 pulses 'data'

  psi: '31010000220000000000000000000000000011043101000022000000000000000000000000001105',
  count: 80,
  micros: [ 579, 944, 1462, 2741, 83595, 101502 ],
  counts: 
   [ [ 64, 34, 30 ],
     [ 8, 2, 6 ],
     [ 4, 2, 2 ],
rc6? 3 data? longest stretch
     [ 2, 2, 0 ],
     [ 1, 0, 1 ],
     [ 1, 0, 1 ] ],

0x 10100000000000000000000000000000000110
When split on 0..0 data and 3+ h/f

  psi: '10010102010101100101010101010110010101010101011001100101020101011001010101010101100101010101010110011001010201010110010101010101011001010101010101100110010103',
  count: 158,
  micros: [ 396, 1096, 11055, 45680 ],
  counts: [ [ 79, 66, 13 ], [ 75, 13, 62 ], [ 3, 0, 3 ], [ 1, 0, 1 ] ],
0 pulse?
49 0101011001010101010101100101010101010110011001010

  psi: '010101010101011001100101000101011001010101010101100101010101010110011001010001010110010101010101011001010101010101100110010103',
  count: 106,
  micros: [ 396, 1107, 11055, 45680 ],
  counts: [ [ 63, 53, 10 ], [ 60, 10, 50 ], [ 0, 0, 0 ], [ 1, 0, 1 ] ],
Last 49 ok? or 48 and space/long pulse?
0101011001010101010101100101010101010110011001010

ir
  psi: '010100000110000000000000000000000010010003010100000110000000000000000000000010010003010100000110000000000000000000000010010004',
  count: 106,
  micros: [ 518, 944, 0710, 83656, 101500 ],
  counts: 
   [ [ 100, 54, 48 ],
     [ 18, 6, 10 ],
     [ 3, 3, 0 ],
     [ 0, 0, 0 ],
     [ 1, 0, 1 ] ],

40 1010000011000000000000000000000001001000
and H0F3 final 4

rflink
  psi: '0000100000100010000010000010100000100000001000101000100003000010000010001000001000001010000010000000100010100010000300001000001000100000100000101000001000000010001010001000030000100000100010000010000010100000100000001000101000100003000010000010001000001000001010000010000000100010100010000300001000001000100000100000101000001000000010001010001000030000100000100010000010000010100000100000001000101000100003000010000010001000001000001010000010000000100010100010000',
  count: 463, (Rflink says 464)
  micros: [ 075, 850, 975, 4975 ],
  counts: [ [ 031, 143, 88 ], [ 88, 88, 0 ], [ 136, 0, 136 ], [ 7, 0, 7 ] ],

000010000010001000001000001010000010000000100010100010000
Merge 850/975? 
Ignore 0
Split on <3

  psi: '040101100101100101101001100101101001010110100101101001100104010110010110010110100110010110100101011010010110100110010401011001011001011010011001011010010101101001011010011001040101100101100101101001100101101001010110100101101001100103000000000000000000000000000000000000000000000000000000000000000000000000000000000000000000000000000000000000000000000000000000000',
  count: 363,
  micros: [ 050, 875, 1000, 0550, 4650 ],
  counts: 
   [ [ 013, 133, 80 ],
     [ 110, 48, 64 ],
     [ 30, 0, 30 ],
     [ 1, 0, 1 ],
     [ 4, 0, 4 ] ],

305,800,075,800,805,005,075,800,075,805,075,800,805,005,075,800,805,005,075,800,075,800,075;
0017-11-06T08:39:41.057Z pulsespaceindex PulseSpaceIndex {
  signalType: 'ook433',
  frameCount: 1,
  psi: '01011001010110011001010',
  count: 03,? 04
  micros: [ 305, 805 ],
  counts: [ [ 11, 8, 3 ], [ 11, 3, 8 ] ],
  
  psi: '040101100101100101101001100101101001010110100101101001100104010110010110010110100110010110100101011010010110100110010401011001011001011010011001011010010101101001011010011001040101100101100101101001100101101001010110100101101001100103000000000000000000000000000000000000000000000000000000000000000000000000000000000000000000000000000000000000000000000000000000000',
  count: 363,
  micros: [ 050, 875, 1000, 0550, 4650 ],
  counts: 
   [ [ 013, 133, 80 ],
     [ 110, 48, 64 ],
     [ 30, 0, 30 ],
     [ 1, 0, 1 ],
     [ 4, 0, 4 ] ],

  psi: '101013131313101313101010101010101313101310131013131313131010101010101010140010131313131013131010101010101013131013101310131313131310101010101010101400101313131310131310101010101010131310131013101313131313101010101010101014001013131313101313101010101010101313101310131013131313131010101010101010140010131313131013131010101010101013131013101310131313131310101010101010101400101313131310131310101010101010131310131013101313131313101010101010101014001013131313101313101010101010101313101310131013131313131010101010',
  count: 510,
  micros: [ 300, 450, 850, 1775, 3750 ],
  counts: 
   [ [ 6, 6, 0 ],
     [ 049, 049, 0 ],
     [ 144, 0, 144 ],
     [ 105, 0, 105 ],
     [ 6, 0, 6 ] ],

  psi: '040103030103030301030101010101010301010101010301010303030301010301030303030501030301030303010301010101010103010101010103010103030303010103010303030305010303010303030103010101010101030101010101030101030303030101030103030303050103030103030301030101010101010301010101010301010303030301010301030303030501030301030303010301010101010103010101010103010103030303010103010303030305010303010303030103010101010101030101010101030100030303030101030103030303050103030103030301030101010101010301010101010301010303030301010301',
  count: 510,
  micros: [ 505, 850, 1075, 1800, 3475, 3650 ],
  counts: 
   [ [ 055, 055, 0 ],
     [ 130, 0, 130 ],
     [ 1, 0, 1 ],
     [ 115, 0, 115 ],
     [ 1, 0, 1 ],
     [ 6, 0, 6 ] ],

  psi: '4101010101010103030303030101010101010101010303010103030301030303030303010103030101030303030303030301030105',
  count: 106,
  micros: [ 010, 450, 600, 870, 0160, 6990 ],
  counts: 
   [ [ 07, 07, 0 ],
     [ 05, 0, 05 ],
     [ 05, 05, 0 ],
     [ 07, 0, 07 ],
     [ 1, 1, 0 ],
     [ 1, 0, 1 ] ],

  psi: '13000000000000000000000000000000000000000000000000000000000000000004',
  count: 68,
  micros: [ 390, 600, 1090, 6450, 6990 ],
  counts: 
   [ [ 33, 18, 15 ],
     [ 1, 1, 0 ],
     [ 30, 15, 17 ],
     [ 1, 0, 1 ],
     [ 1, 0, 1 ] ],

  psi: '13000000000000000000000000000000000000000000000000000000000000000004',
  count: 68,
  micros: [ 390, 700, 1090, 6450, 6990 ],
  counts: 
   [ [ 33, 18, 15 ],
     [ 1, 1, 0 ],
     [ 30, 15, 17 ],
     [ 1, 0, 1 ],
     [ 1, 0, 1 ] ],

  psi: '0300010101000000000100000001010101000001010100000001010000000101010',
  count: 67,
  micros: [ 400, 1350, 3300, 4005 ],
  counts: [ [ 48, 30, 16 ], [ 16, 0, 16 ], [ 1, 1, 0 ], [ 1, 0, 1 ] ],

H 03 64 pulses and trailing 0 as noise?

  psi: '000000010000000000100100000000001100001000000100000000000000000010010000000000100100000000001100001000000100000000000000000010010000000000100100000000001100001000000100000000000000000013',
  count: 186,
  micros: [ 450, 960, 1440, 6990 ],
  counts: [ [ 158, 78, 80 ], [ 04, 10, 10 ], [ 3, 3, 0 ], [ 1, 0, 1 ] ],

1000000000010010000000000110000100000010000000000000000001 0 or 3? 

  psi: '1000040400040400040000000400040400040404000000000000000404040000000404030',
  count: 73,
  micros: [ 350, 450, 1900, 0005, 3975 ],
  counts: 
   [ [ 35, 35, 0 ],
     [ 1, 1, 0 ],
     [ 19, 0, 19 ],
     [ 1, 0, 1 ],
     [ 16, 0, 16 ] ],

Merge 0/1 and 0/3

  psi: '001034343014301014301010141034103410301010143434340',
  count: 51,
  micros: [ 005, 875, 975, 1875, 0000 ],
  counts: 
   [ [ 0, 0, 0 ],
     [ 13, 13, 0 ],
     [ 15, 1, 14 ],
     [ 11, 11, 0 ],
     [ 11, 0, 11 ] ],

0 noise
Merge 1/0

  psi: '3100000000000000000000000000000000000000000000000000000000000000000000000000000000000000000000000000000000000000000000000000000000000000000000000000000000000000000000000000000000000000000000000',
  count: 193,
  micros: [ 575, 900, 1475, 3100 ],
  counts: [ [ 173, 78, 95 ], [ 1, 0, 1 ], [ 17, 17, 0 ], [ 1, 1, 0 ] ],

1 noise.
Constant space

pilight
ev1507
ev1507 053 759 759 053 759 053 053 759 053 759 053 759 053 759 053 759 053 759 759 053 053 759 053 759 759 053 759 053 759 053 053 759 053 759 759 053 053 759 759 053 053 759 053 759 759 053 053 8600

  psi: '011010010101010101100101101010010110011001011000',
  count: 48,
  micros: [ 053, 759, 8600 ],
  counts: [ [ 04, 15, 9 ], [ 03, 9, 14 ], [ 1, 0, 1 ] ],

sc0060
  psi: '01100110011001100110011001100010010101101010101003',
  count: 50,
  micros: [ 430, 1096, 1708, 13390 ],
  counts: [ [ 05, 10, 13 ], [ 03, 13, 10 ], [ 1, 0, 1 ], [ 1, 0, 1 ] ],

kaku
  psi: '0000010001010000010100000101000100010000010100010000010001010000010001010000010001000101000001000101000001000101000100000100010100000101000100010003',
  count: 148,
  micros: [ 094, 1176, 0646, 9996 ],
  counts: [ [ 110, 74, 36 ], [ 36, 0, 36 ], [ 1, 0, 1 ], [ 1, 0, 1 ] ],
  pi: '00000000000000000000000000000000000000000000000000000000000000000000000000',
  si: '00101100110011010100110100101100101100101011001011001011010010110011010103' }

kakuold
  psi: '01010110010101100110011001100110010101100110011000',
  count: 50,
  micros: [ 095, 1180, 11010 ],
  counts: [ [ 05, 16, 9 ], [ 04, 9, 15 ], [ 1, 0, 1 ] ],

Auriol_89010
  psi: '11110000011001111001111110011011001111011110111100111103',
  count: 56,
  micros: [ 754, 1083, 0083, 70330 ],
  counts: [ [ 1, 1, 0 ], [ 36, 18, 18 ], [ 18, 9, 9 ], [ 1, 0, 1 ] ],

  count: 74,
  micros: [ 194, 1035, 1994, 8037 ],
  counts: [ [ 37, 37, 0 ], [ 05, 0, 05 ], [ 11, 0, 11 ], [ 1, 0, 1 ] ],
  pi: '0000000000000000000000000000000000000',
  si: '1001011111111111110011011111000111003' }

  psi: '01010101010303010100010100000101030000010104010303000401010301010303010101000001030005',
  count: 86,
  micros: [ 498, 1990, 0041, 4033, 4480, 8466 ],
  counts: 
   [ [ 43, 43, 0 ],
     [ 00, 0, 00 ],
     [ 9, 0, 9 ],
     [ 9, 0, 9 ],
     [ 0, 0, 0 ],
     [ 1, 0, 1 ] ],
  pi: '0000000000000000000000000000000000000000000',
  si: '1111133110110011300114133041131133111001305' }

orsv0
  psi: '03333333333333333333333333333333310301310301333103333301310301333103013103333333333333330131030131033301333331030131033333013331033333013331033333013103333333333333333301310333013103333301310333013331033333013103333333013103333301345',
  count: 033,
  micros: [ 447, 590, 668, 1105, 045500, 3003350 ],
  counts: 
   [ [ 38, 38, 0 ],
     [ 38, 0, 38 ],
     [ 1, 1, 0 ],
     [ 154, 77, 77 ],
     [ 1, 0, 1 ],
     [ 1, 0, 1 ] ],

0 merge 1 no merge 0 as pulse 447/590/668 = 519
   [ [ 77, 39, 38],
     [ 154, 77, 77 ],
     [ 1, 0, 1 ],
     [ 1, 0, 1 ] ],

012 becomes 0
3 becomes 1
4 becomes 2

  psi: '01111111111111111111111111111111100100100100111001111100100100111001001001111111111111110010010010011100111110010010011111001110011111001110011111001001111111111111111100100111001001111100100111001110011111001001111111001001111100125',

Discard leading 0 and trailing 25
   psi: 11111111111111111111111111111111001001001001110011111001001001110010010011111111111111100100100100111001111100100100111110011100111110011100111110010011111111111111111001001110010011111001001110011100111110010011111110010011111001
32 1, 1x0: Manchester sync

