  count: 233,
  micros: [ 447, 592, 668, 1105, 245520, 3003352 ],
  counts: 
   [ [ 38, 38, 0 ],
     [ 38, 0, 38 ],
     [ 1, 1, 0 ],

     [ 154, 77, 77 ],

     [ 1, 0, 1 ],
     [ 1, 1, 0 ] ],

  count: 232,
  micros: [ 313, 560, 707, 810, 1083, 1168, 1383, 11018 ],
  counts: 
   [ [ 1, 1, 0 ],
     [ 75, 37, 38 ],

     [ 1, 0, 1 ],
     [ 1, 0, 1 ],

     [ 151, 76, 75 ],
     [ 1, 1, 0 ],
     [ 1, 1, 0 ],

     [ 1, 0, 1 ] ],

  count: 50,
  micros: [ 295, 885, 9735 ],
  counts: [ [ 25, 13, 12 ], [ 24, 12, 12 ], [ 1, 0, 1 ] ],

  psi: '0301010202020101020101010101020202010102020201010201020201020101010201010101010101020203',
  count: 88,
  micros: [ 651, 1972, 3837, 7639 ],
  counts: [ [ 44, 44, 0 ], [ 25, 0, 25 ], [ 17, 0, 17 ], [ 2, 0, 2 ] ],
p 651
S 1972 and 3873
H/F Space 4T, 2T, T

  psi: '01020110010110100210020102101010020102020101101003',
  count: 50,
  micros: [ 208, 624, 832, 7072 ],
  counts: [ [ 25, 16, 9 ], [ 17, 9, 8 ], [ 7, 0, 7 ], [ 1, 0, 1 ] ],

  psi: '010011010010101010101010101010110010101102',
  count: 42,
  micros: [ 700, 1400, 81000 ],
  counts: [ [ 21, 6, 15 ], [ 20, 15, 5 ], [ 1, 0, 1 ] ],


  psi: '01010101010303010102010102020101030202010104010303020401010301010303010101020201030205',
  count: 86,
  micros: [ 498, 1992, 2241, 4233, 4482, 8466 ],
  counts: 
   [ [ 43, 43, 0 ],

     [ 22, 0, 22 ],
     [ 9, 0, 9 ],

     [ 9, 0, 9 ],
     [ 2, 0, 2 ],

     [ 1, 0, 1 ] ],
