#pilight taken from http://manual.pilight.org/protocols/433.92/switch/techlico.html
#space separated usecs starts with indicator
ev1527 253 759 759 253 759 253 253 759 253 759 253 759 253 759 253 759 253 759 759 253 253 759 253 759 759 253 759 253 759 253 253 759 253 759 759 253 253 759 759 253 253 759 253 759 759 253 253 8602
sc2262 432 1296 1296 432 432 1296 1296 432 432 1296 1296 432 432 1296 1296 432 432 1296 1296 432 432 1296 1296 432 432 1296 1296 432 432 1728 1296 432 432 1296 432 1296 432 1296 1296 432 1296 432 1296 432 1296 432 1296 432 432 13392
kaku 294 2646 294 294 294 1176 294 294 294 1176 294 1176 294 294 294 294 294 1176 294 1176 294 294 294 294 294 1176 294 1176 294 294 294 1176 294 294 294 1176 294 294 294 294 294 1176 294 1176 294 294 294 1176 294 294 294 294 294 1176 294 294 294 1176 294 1176 294 294 294 294 294 1176 294 294 294 1176 294 1176 294 294 294 294 294 1176 294 294 294 1176 294 294 294 1176 294 1176 294 294 294 294 294 1176 294 294 294 1176 294 1176 294 294 294 294 294 1176 294 294 294 1176 294 1176 294 294 294 1176 294 294 294 294 294 1176 294 294 294 1176 294 1176 294 294 294 294 294 1176 294 1176 294 294 294 1176 294 294 294 1176 294 294 294 9996
elro 320 960 320 960 320 960 320 960 320 960 320 960 320 960 320 960 320 960 320 960 320 960 320 960 320 960 960 320 320 960 960 320 320 960 960 320 320 960 960 320 320 960 320 960 320 960 960 320 320 9920
iboutique 540 1890 540 3780 540 1890 540 3780 540 3780 540 3780 540 3780 540 3780 540 1890 540 1890 540 3780 540 3780 540 3780 540 1890 540 1890 540 1890 540 1890 540 1890 540 1890 540 1890 540 3780 540 3780 540 1890 540 1890 540 4050 540 1890 540 4050 540 4050 540 1890 540 1890 540 4050 540 1890 540 3780 540 1890 540 3780 540 3780 540 9180
kakuold 295 1180 295 1180 295 1180 1180 295 295 1180 295 1180 295 1180 1180 295 295 1180 1180 295 295 1180 1180 295 295 1180 1180 295 295 1180 1180 295 295 1180 295 1180 295 1180 1180 295 295 1180 1180 295 295 1180 1180 295 295 11210
Auriol 89210 1083 860 966 986 1970 1953 2083 1829 1927 1014 938 1978 1943 993 946 1003 953 1983 2056 877 934 1020 931 1070 884 2013 1893 1012 930 2008 923 1019 1995 1930 925 1026 978 985 1891 1052 907 1036 913 2031 901 1034 916 1067 1881 1988 971 1004 890 1060 754 72330
tcm 194 1035 194 1994 194 1994 194 1035 194 1994 194 1035 194 1035 194 1035 194 1035 194 1035 194 1035 194 1035 194 1035 194 1035 194 1035 194 1035 194 1035 194 1035 194 1994 194 1994 194 1035 194 1035 194 1994 194 1035 194 1035 194 1035 194 1035 194 1035 194 1994 194 1994 194 1994 194 1035 194 1035 194 1035 194 1994 194 1994 194 8037
tfa 498 1992 498 1992 498 1992 498 1992 498 1992 498 4233 498 4233 498 1992 498 1992 498 2241 498 1992 498 1992 498 2241 498 2241 498 1992 498 1992 498 4233 498 2241 498 2241 498 1992 498 1992 498 4482 498 1992 498 4233 498 4233 498 2241 498 4482 498 1992 498 1992 498 4233 498 1992 498 1992 498 4233 498 4233 498 1992 498 1992 498 1992 498 2241 498 2241 498 1992 498 4233 498 2241 498 8466
quigg_switch 700 1400 700 700 1400 1400 700 1400 700 700 1400 700 1400 700 1400 700 1400 700 1400 700 1400 700 1400 700 1400 700 1400 700 1400 700 1400 1400 700 700 1400 700 1400 700 1400 1400 700 81000
rsl366 390 1170 1170 390 390 1170 1170 390 390 1170 1170 390 390 1170 390 1170 390 1170 390 1170 390 1170 1170 390 390 1170 1170 390 390 1170 1170 390 390 1170 1170 390 390 1170 1170 390 390 1170 1170 390 390 1170 1170 390 390 13260
silvercrest 312 936 936 312 312 936 312 936 312 936 312 936 312 936 936 312 312 936 312 936 312 936 936 312 312 936 312 936 312 936 936 312 312 936 936 312 312 936 936 312 312 936 936 312 312 936 312 936 312 10608
techlico 208 624 208 832 208 624 624 208 208 624 208 624 624 208 624 208 208 832 624 208 208 832 208 624 208 832 624 208 624 208 624 208 208 832 208 624 208 832 208 832 208 624 208 624 624 208 624 208 208 7072
tfa30 603 7630 601 1881 605 1897 610 3803 605 3811 651 3798 618 1884 600 1911 597 3806 599 1909 590 1930 595 1906 594 1905 591 1920 584 3804 593 3829 585 3808 600 1905 591 1937 602 3805 594 3809 599 3821 590 1903 595 1908 593 3826 586 1908 596 3837 597 3825 569 1918 594 3809 597 1911 594 1903 594 1909 591 3829 585 1926 592 1907 590 1972 531 1917 586 1911 607 1895 589 1952 556 3818 590 3811 594 7639
impuls 885 295 885 295 885 295 885 295 885 295 885 295 295 885 885 295 295 885 885 295 295 885 295 885 295 885 885 295 295 885 295 885 295 885 885 295 295 885 885 295 295 885 885 295 295 885 295 885 295 9735
orsv2 929 918 1168 810 982 951 989 947 1004 972 996 950 997 945 998 953 995 967 987 966 990 971 978 983 965 968 994 984 976 965 980 969 980 509 454 1010 479 471 1018 467 476 1000 470 487 994 967 992 495 475 1000 943 1014 920 1030 460 498 993 469 463 1031 478 464 995 967 967 516 434 1054 446 490 972 532 414 1039 930 1028 908 1042 945 1022 902 1051 911 1035 902 1046 955 1006 436 509 962 530 419 1060 427 525 939 560 396 1048 1383 707 313 503 956 995 974 1018 915 537 411 1068 408 531 957 511 435 1064 880 1052 941 1030 429 534 932 1002 956 541 424 1044 892 1064 918 1030 431 521 944 1008 963 519 428 1061 894 1045 920 1035 430 517 951 551 415 1052 885 1058 907 1052 883 1075 926 1031 883 1056 910 1046 909 1047 891 1067 420 537 942 517 424 1059 907 1048 426 517 954 545 403 1083 865 1062 910 1047 424 527 945 545 434 1033 906 1061 412 522 946 1008 946 545 405 1067 888 1068 886 1070 405 533 957 528 444 1035 891 1054 901 1059 876 1067 438 540 937 519 421 1061 903 1073 866 1071 438 504 963 11018
orsv2 668 1032 932 1018 931 1027 921 1023 926 1037 917 1052 916 1017 924 1045 909 1045 906 1050 919 1026 918 1027 921 1028 928 1034 919 1031 925 1028 919 571 412 1053 447 498 951 553 411 1051 419 521 956 1012 942 520 422 1061 906 1056 877 1065 423 530 953 541 419 1050 423 522 944 1010 940 545 405 1066 420 546 935 534 414 1057 906 1049 885 1070 905 1052 880 1071 907 1047 902 1059 875 1072 423 540 936 521 422 1063 418 541 946 526 419 1055 903 1086 396 515 1034 931 938 1022 923 557 420 1044 420 540 940 526 418 1063 901 1053 884 1105 381 532 955 993 944 551 401 1074 894 1058 884 1078 405 545 934 1014 936 532 422 1081 870 1065 896 1064 410 527 939 554 395 1076 925 1046 869 1064 899 1067 873 1073 894 1060 876 1068 900 1060 877 1080 409 557 919 551 409 1058 879 1073 413 548 954 545 403 1083 865 1062 910 1032 394 530 954 528 418 1057 898 1064 409 559 910 1015 944 578 385 1066 887 1050 899 1062 414 528 942 552 398 1087 863 1075 895 1056 899 1060 415 592 907 533 408 1054 878 1073 903 1055 423 522 943 245520 3003352